100 20 .9 1 .4 2 1
100 20 .9 1 .4 2 2
100 20 .9 1 1 2 1
100 20 .9 1 1 2 2
100 20 .9 1 2 2 1
100 20 .9 1 2 2 2
100 20 .9 10 .4 2 1
100 20 .9 10 .4 2 2
100 20 .9 10 1 2 1
100 20 .9 10 1 2 2
100 20 .9 10 2 2 1
100 20 .9 10 2 2 2
100 20 .9 3 .4 2 1
100 20 .9 3 .4 2 2
100 20 .9 3 1 2 1
100 20 .9 3 1 2 2
100 20 .9 3 2 2 1
100 20 .9 3 2 2 2
100 20 .9 7 .4 2 1
100 20 .9 7 .4 2 2
100 20 .9 7 1 2 1
100 20 .9 7 1 2 2
100 20 .9 7 2 2 1
100 20 .9 7 2 2 2
100 20 0.3 1 .4 2 1
100 20 0.3 1 .4 2 2
100 20 0.3 1 1 2 1
100 20 0.3 1 1 2 2
100 20 0.3 1 2 2 1
100 20 0.3 1 2 2 2
100 20 0.3 10 .4 2 1
100 20 0.3 10 .4 2 2
100 20 0.3 10 1 2 1
100 20 0.3 10 1 2 2
100 20 0.3 10 2 2 1
100 20 0.3 10 2 2 2
100 20 0.3 3 .4 2 1
100 20 0.3 3 .4 2 2
100 20 0.3 3 1 2 1
100 20 0.3 3 1 2 2
100 20 0.3 3 2 2 1
100 20 0.3 3 2 2 2
100 20 0.3 7 .4 2 1
100 20 0.3 7 .4 2 2
100 20 0.3 7 1 2 1
100 20 0.3 7 1 2 2
100 20 0.3 7 2 2 1
100 20 0.3 7 2 2 2
100 20 0.7 1 .4 2 1
100 20 0.7 1 .4 2 2
100 20 0.7 1 1 2 1
100 20 0.7 1 1 2 2
100 20 0.7 1 2 2 1
100 20 0.7 1 2 2 2
100 20 0.7 10 .4 2 1
100 20 0.7 10 .4 2 2
100 20 0.7 10 1 2 1
100 20 0.7 10 1 2 2
100 20 0.7 10 2 2 1
100 20 0.7 10 2 2 2
100 20 0.7 3 .4 2 1
100 20 0.7 3 .4 2 2
100 20 0.7 3 1 2 1
100 20 0.7 3 1 2 2
100 20 0.7 3 2 2 1
100 20 0.7 3 2 2 2
100 20 0.7 7 .4 2 1
100 20 0.7 7 .4 2 2
100 20 0.7 7 1 2 1
100 20 0.7 7 1 2 2
100 20 0.7 7 2 2 1
100 20 0.7 7 2 2 2
100 40 .9 1 .4 2 1
100 40 .9 1 .4 2 2
100 40 .9 1 1 2 1
100 40 .9 1 1 2 2
100 40 .9 1 2 2 1
100 40 .9 1 2 2 2
100 40 .9 10 .4 2 1
100 40 .9 10 .4 2 2
100 40 .9 10 1 2 1
100 40 .9 10 1 2 2
100 40 .9 10 2 2 1
100 40 .9 10 2 2 2
100 40 .9 3 .4 2 1
100 40 .9 3 .4 2 2
100 40 .9 3 1 2 1
100 40 .9 3 1 2 2
100 40 .9 3 2 2 1
100 40 .9 3 2 2 2
100 40 .9 7 .4 2 1
100 40 .9 7 .4 2 2
100 40 .9 7 1 2 1
100 40 .9 7 1 2 2
100 40 .9 7 2 2 1
100 40 .9 7 2 2 2
100 40 0.3 1 .4 2 1
100 40 0.3 1 .4 2 2
100 40 0.3 1 1 2 1
100 40 0.3 1 1 2 2
100 40 0.3 1 2 2 1
100 40 0.3 1 2 2 2
100 40 0.3 10 .4 2 1
100 40 0.3 10 .4 2 2
100 40 0.3 10 1 2 1
100 40 0.3 10 1 2 2
100 40 0.3 10 2 2 1
100 40 0.3 10 2 2 2
100 40 0.3 3 .4 2 1
100 40 0.3 3 .4 2 2
100 40 0.3 3 1 2 1
100 40 0.3 3 1 2 2
100 40 0.3 3 2 2 1
100 40 0.3 3 2 2 2
100 40 0.3 7 .4 2 1
100 40 0.3 7 .4 2 2
100 40 0.3 7 1 2 1
100 40 0.3 7 1 2 2
100 40 0.3 7 2 2 1
100 40 0.3 7 2 2 2
100 40 0.7 1 .4 2 1
100 40 0.7 1 .4 2 2
100 40 0.7 1 1 2 1
100 40 0.7 1 1 2 2
100 40 0.7 1 2 2 1
100 40 0.7 1 2 2 2
100 40 0.7 10 .4 2 1
100 40 0.7 10 .4 2 2
100 40 0.7 10 1 2 1
100 40 0.7 10 1 2 2
100 40 0.7 10 2 2 1
100 40 0.7 10 2 2 2
100 40 0.7 3 .4 2 1
100 40 0.7 3 .4 2 2
100 40 0.7 3 1 2 1
100 40 0.7 3 1 2 2
100 40 0.7 3 2 2 1
100 40 0.7 3 2 2 2
100 40 0.7 7 .4 2 1
100 40 0.7 7 .4 2 2
100 40 0.7 7 1 2 1
100 40 0.7 7 1 2 2
100 40 0.7 7 2 2 1
100 40 0.7 7 2 2 2
100 100 .9 1 .4 2 1
100 100 .9 1 .4 2 2
100 100 .9 1 1 2 1
100 100 .9 1 1 2 2
100 100 .9 1 2 2 1
100 100 .9 1 2 2 2
100 100 .9 10 .4 2 1
100 100 .9 10 .4 2 2
100 100 .9 10 1 2 1
100 100 .9 10 1 2 2
100 100 .9 10 2 2 1
100 100 .9 10 2 2 2
100 100 .9 3 .4 2 1
100 100 .9 3 .4 2 2
100 100 .9 3 1 2 1
100 100 .9 3 1 2 2
100 100 .9 3 2 2 1
100 100 .9 3 2 2 2
100 100 .9 7 .4 2 1
100 100 .9 7 .4 2 2
100 100 .9 7 1 2 1
100 100 .9 7 1 2 2
100 100 .9 7 2 2 1
100 100 .9 7 2 2 2
100 100 0.3 1 .4 2 1
100 100 0.3 1 .4 2 2
100 100 0.3 1 1 2 1
100 100 0.3 1 1 2 2
100 100 0.3 1 2 2 1
100 100 0.3 1 2 2 2
100 100 0.3 10 .4 2 1
100 100 0.3 10 .4 2 2
100 100 0.3 10 1 2 1
100 100 0.3 10 1 2 2
100 100 0.3 10 2 2 1
100 100 0.3 10 2 2 2
100 100 0.3 3 .4 2 1
100 100 0.3 3 .4 2 2
100 100 0.3 3 1 2 1
100 100 0.3 3 1 2 2
100 100 0.3 3 2 2 1
100 100 0.3 3 2 2 2
100 100 0.3 7 .4 2 1
100 100 0.3 7 .4 2 2
100 100 0.3 7 1 2 1
100 100 0.3 7 1 2 2
100 100 0.3 7 2 2 1
100 100 0.3 7 2 2 2
100 100 0.7 1 .4 2 1
100 100 0.7 1 .4 2 2
100 100 0.7 1 1 2 1
100 100 0.7 1 1 2 2
100 100 0.7 1 2 2 1
100 100 0.7 1 2 2 2
100 100 0.7 10 .4 2 1
100 100 0.7 10 .4 2 2
100 100 0.7 10 1 2 1
100 100 0.7 10 1 2 2
100 100 0.7 10 2 2 1
100 100 0.7 10 2 2 2
100 100 0.7 3 .4 2 1
100 100 0.7 3 .4 2 2
100 100 0.7 3 1 2 1
100 100 0.7 3 1 2 2
100 100 0.7 3 2 2 1
100 100 0.7 3 2 2 2
100 100 0.7 7 .4 2 1
100 100 0.7 7 .4 2 2
100 100 0.7 7 1 2 1
100 100 0.7 7 1 2 2
100 100 0.7 7 2 2 1
100 100 0.7 7 2 2 2
